"C:\Users\Zeek Liviu\OneDrive - Academia de Studii Economice din Bucuresti\Desktop\PEAG Projects\Tema 2\venv\Scripts\python.exe" "C:\Users\Zeek Liviu\OneDrive - Academia de Studii Economice din Bucuresti\Desktop\PEAG Projects\Tema 2\main.py" 

Exercitiul 1:
Populatia initiala, cu 10 indivizi, permutari de ordin 5

 [[2 1 3 4 0 0]
 [4 1 3 0 2 0]
 [0 4 3 2 1 2]
 [4 3 0 2 1 0]
 [3 0 1 2 4 0]
 [2 4 0 3 1 2]
 [4 0 3 1 2 0]
 [1 0 2 4 3 2]
 [4 2 3 0 1 0]
 [4 3 1 2 0 1]]


Populatia rezultat, cu 0.1 probabilitate de mutatie, tot cu 10 indivizi, permutari de ordin 5

 [[2 1 3 4 0 0]
 [4 1 3 0 2 0]
 [0 4 3 2 1 2]
 [4 3 0 2 1 0]
 [3 0 1 2 4 0]
 [2 4 0 3 1 2]
 [4 0 3 1 2 0]
 [1 0 2 4 3 2]
 [4 2 3 1 0 0]
 [4 3 1 2 0 1]]

Exercitiul 2:
Populatia initiala, formata din 4 indivizi.

 [[   0    0    0    0    0    0    0    1    1    0    0    1    0    0
     1    1    0    0    0    0    0    1    0    1    1    0    0    0
     0    1    1    0 1149]
 [   0    0    0    0    0    1    0    0    1    1    0    1    0    1
     0    0    0    0    0    0    0    1    0    1    1    1    0    0
     0    1    0    1  535]
 [   0    0    0    0    0    0    1    0    0    1    0    1    1    0
     0    0    0    0    0    0    0    0    0    1    1    1    0    0
     1    1    0    0  364]
 [   0    0    0    0    0    0    1    0    0    1    0    1    1    1
     1    1    0    0    0    0    0    0    1    1    0    1    0    0
     1    0    0    1  792]]

Populatia dupa recombinare cu probabilitate de 0.7, formata tot din 4 indivizi.

 [[   0    0    0    0    0    0    0    1    1    0    0    1    0    0
     1    0    0    0    0    0    0    1    0    1    1    1    0    0
     0    1    0    1 1069]
 [   0    0    0    0    0    0    0    0    0    0    0    0    0    0
     0    0    0    0    0    0    0    0    0    0    0    0    0    0
     0    0    0    0    0]
 [   0    0    0    0    0    0    1    0    0    1    0    1    1    0
     0    0    0    0    0    0    0    0    0    1    1    1    0    0
     1    1    0    0  364]
 [   0    0    0    0    0    0    1    0    0    1    0    1    1    1
     1    1    0    0    0    0    0    0    1    1    0    1    0    0
     1    0    0    1  792]]

Exercitiul 3:
Populatia initiala, cu 10 indivizi

 [[-0.451572    0.13588882  0.74620832  2.30681012  0.68238954]
 [-0.1945875   0.15747994  0.86524017  1.49732748  0.66743163]
 [-0.9186471   0.03755786  0.6412782   0.85625632  0.70250567]
 [-0.02422634  0.01243431  0.29955206  1.14550935  0.90138139]
 [-0.86902596  0.19327462  0.525491    4.85160944  1.20928926]
 [ 0.68840577  0.12750318  0.60916227  4.88365128  2.54837496]
 [ 0.57127122  0.14480972  0.16991823  0.439989    2.22577104]
 [-0.09149344  0.13782345  0.50692009  1.52190858  0.95769522]
 [-0.75402807  0.15711126  0.72539332  3.77201551  1.05160042]
 [ 0.17724891  0.17825704  0.67696488  1.30028539  1.29736611]]


Populatia rezultat, cu 0.1 probabilitate de mutatie, tot cu 10 indivizi

 [[ 0.          0.          1.          0.          0.15852902]
 [-0.1945875   0.15747994  0.86524017  1.49732748  0.66743163]
 [-0.9186471   0.03755786  0.6412782   0.85625632  0.70250567]
 [-0.02422634  0.01243431  0.29955206  1.14550935  0.90138139]
 [-0.86902596  0.19327462  0.525491    4.85160944  1.20928926]
 [ 0.68840577  0.12750318  0.60916227  4.88365128  2.54837496]
 [ 0.57127122  0.14480972  0.16991823  0.439989    2.22577104]
 [-0.09149344  0.13782345  0.50692009  1.52190858  0.95769522]
 [-0.75402807  0.15711126  0.72539332  3.77201551  1.05160042]
 [ 0.17724891  0.17825704  0.67696488  1.30028539  1.29736611]]

Exercitiul 4:
Populatia initiala, cu 10 indivizi:
 [[ 0.11583441  0.70323362  0.02422639  1.96871287]
 [-0.5911501   0.08878481  0.24668249  1.00609993]
 [ 0.84511502  0.35908229 -1.04913983  2.32768442]
 [-0.31504619  0.22673237 -1.94561194  2.94199959]
 [ 0.96508075  0.0706458  -1.32271023  1.88645607]
 [-0.90763875  0.50618133 -0.41865757  0.88973272]
 [ 0.56054288  0.5365384   0.47784216  2.45927723]
 [-0.43258175  0.30040892  0.71416371  0.95525195]
 [ 0.49351389  0.91193975 -0.06650701  2.48138977]
 [-0.74853197  0.20410707 -0.83273921  1.36271476]]

Populatia finala, cu 10 indivizi, probabilitate de recombinare de 0.7 si coeficient de recombinare 0.4

 [[-0.3083563   0.33456434  0.15770005  1.24525711]
 [-0.1669594   0.4574541   0.11320883  1.46480252]
 [ 0.14901829  0.27967234 -1.58702309  2.91217028]
 [ 0.38105054  0.30614232 -1.40772867  2.7793843 ]
 [-0.15855095  0.33196712 -0.78027863  2.39219546]
 [ 0.21599295  0.24486001 -0.96108916  2.95442037]
 [-0.0353319   0.39486072  0.61963509  1.28628248]
 [ 0.16329303  0.44208661  0.57237078  1.66054338]
 [ 0.49351389  0.91193975 -0.06650701  2.48138977]
 [-0.74853197  0.20410707 -0.83273921  1.36271476]]

Exercitiul 5:
Populatia initiala, cu 10 indivizi:
 [[0 0 0 0 0 0 1 1]
 [0 1 0 1 1 1 0 4]
 [1 1 1 1 1 0 0 5]
 [0 1 1 0 1 1 0 4]
 [0 0 0 0 1 0 0 1]
 [1 1 0 1 0 0 1 4]
 [1 0 1 0 1 0 1 4]
 [0 1 0 0 0 1 1 3]
 [0 1 0 0 1 0 0 2]
 [0 1 0 1 0 0 0 2]]

Populatia dupa recombinare cu probabilitate de 0.7, formata tot din 10 indivizi.

 [[0 0 0 1 1 1 1 4]
 [0 1 0 0 0 0 0 1]
 [1 1 1 1 1 0 0 5]
 [0 1 1 0 1 1 0 4]
 [0 0 0 1 0 0 0 1]
 [1 1 0 0 1 0 1 4]
 [1 0 1 0 1 0 1 4]
 [0 1 0 0 0 1 1 3]
 [0 1 0 0 0 0 0 1]
 [0 1 0 1 1 0 0 3]]

Exercitiul 6:
Populatia initiala, cu 10 indivizi

 [[     0      0      1      0      1      1      1      1      1  11236]
 [     0      0      0      1      1      0      1      1      1   1369]
 [     0      0      1      0      1      0      1      1      1  10201]
 [     0      1      1      0      0      1      0      1      0  19600]
 [     1      1      0      1      0      1      0      1      1  93636]
 [     0      1      1      1      0      1      0      1      1  31684]
 [     0      1      0      0      0      0      1      0      0  61504]
 [     0      0      1      1      1      0      1      0      1   7921]
 [     1      1      1      1      1      1      0      0      0 112896]
 [     0      0      0      0      1      0      0      0      1    900]]


Populatia rezultat, cu 0.7 probabilitate de recombinare, tot cu 10 indivizi

 [[     0      0      1      0      1      1      1      1      1   9025]
 [     0      0      0      1      1      0      1      1      1   3025]
 [     0      0      1      0      1      0      0      1      0   6724]
 [     0      1      1      0      0      1      1      1      1  42849]
 [     1      1      0      1      0      1      0      1      1 182329]
 [     0      1      1      1      0      1      0      1      1  55225]
 [     0      1      0      0      0      0      1      0      0  61504]
 [     0      0      1      1      1      0      1      0      1   7921]
 [     1      1      1      1      1      1      0      0      0 112896]
 [     0      0      0      0      1      0      0      0      1    900]]

Exercitiul 7:
Populatia initiala, cu 10 indivizi, permutari de ordin 5 

 [[3 0 1 4 2 0]
 [3 4 0 2 1 1]
 [3 4 0 1 2 0]
 [2 3 0 1 4 2]
 [3 4 0 1 2 0]
 [1 0 4 3 2 2]
 [3 4 2 0 1 2]
 [4 0 3 2 1 1]
 [2 3 0 1 4 2]
 [4 1 0 3 2 0]]


Populatia rezultat, cu 0.1 probabilitate de mutatie, tot cu 10 indivizi, permutari de ordin 5

 [[3 0 1 4 2 0]
 [3 4 0 2 1 1]
 [3 4 0 1 2 0]
 [2 3 0 1 4 2]
 [3 4 0 1 2 0]
 [1 0 4 3 2 2]
 [3 4 2 0 1 2]
 [4 0 3 2 1 1]
 [2 3 0 1 4 2]
 [4 1 0 3 2 0]]

Exercitiul 8:
Populatia initiala 1, cu 10 indivizi, permutari de ordin 5 

 [[ 2  3  0  1  4  4]
 [ 4  3  2  0  1  5]
 [ 2  3  1  4  0  6]
 [ 2  1  3  0  4  6]
 [ 4  1  3  0  2 10]
 [ 2  4  0  3  1  5]
 [ 3  2  4  0  1  3]
 [ 1  0  3  2  4  4]
 [ 0  4  1  2  3  4]
 [ 0  3  4  1  2  4]]


Populatia initiala 1, cu 10 indivizi, permutari de ordin 5 

 [[ 4  1  2  3  0 -2]
 [ 3  1  2  4  0  7]
 [ 4  3  2  0  1  5]
 [ 3  1  2  0  4  1]
 [ 3  0  2  1  4  7]
 [ 1  4  2  3  0  7]
 [ 1  3  4  0  2  7]
 [ 2  4  1  3  0 10]
 [ 3  4  2  0  1  2]
 [ 0  2  1  3  4  1]]


Populatia rezultat, cu 10 indivizi, permutari de ordin 5

 [[ 2  3  0  1  4  4]
 [ 3  1  2  4  0  7]
 [ 2  3  1  4  0  6]
 [ 2  1  3  0  4  6]
 [ 4  1  3  0  2 10]
 [ 1  4  2  3  0  7]
 [ 1  3  4  0  2  7]
 [ 2  4  1  3  0 10]
 [ 0  4  1  2  3  4]
 [ 0  3  4  1  2  4]]

Exercitiul 9:
Populatia initiala, cu 10 indivizi

 [[0.         0.         1.         1.         1.         0.
  0.         0.         0.         1.         1.         0.
  0.01660793]
 [0.         0.         1.         0.         1.         1.
  1.         0.         0.         1.         0.         1.
  0.11697327]
 [1.         0.         0.         0.         0.         0.
  0.         1.         1.         1.         1.         1.
  0.6795057 ]
 [0.         0.         0.         1.         1.         1.
  1.         0.         1.         0.         1.         1.
  0.72662737]
 [0.         0.         0.         1.         0.         1.
  1.         0.         1.         1.         1.         0.
  0.21616502]
 [1.         1.         0.         1.         1.         0.
  0.         0.         1.         1.         1.         0.
  0.33553502]
 [0.         0.         0.         0.         1.         1.
  0.         0.         1.         0.         0.         1.
  0.60414988]
 [1.         1.         1.         1.         0.         0.
  0.         1.         1.         0.         1.         1.
  0.08829394]
 [1.         0.         0.         0.         1.         0.
  0.         0.         0.         0.         1.         1.
  0.39845255]
 [1.         1.         0.         0.         0.         0.
  0.         0.         0.         1.         1.         0.
  0.25343466]]


Populatia rezultat, cu 10 indivizi

 [[1.         1.         0.         1.         1.         0.
  0.         0.         1.         1.         1.         0.
  0.33553502]
 [0.         0.         0.         1.         0.         1.
  1.         0.         1.         1.         1.         0.
  0.21616502]
 [1.         1.         1.         1.         0.         0.
  0.         1.         1.         0.         1.         1.
  0.08829394]
 [1.         0.         0.         0.         1.         0.
  0.         0.         0.         0.         1.         1.
  0.39845255]
 [1.         1.         0.         1.         1.         0.
  0.         0.         1.         1.         1.         0.
  0.33553502]
 [1.         0.         0.         0.         0.         0.
  0.         1.         1.         1.         1.         1.
  0.6795057 ]
 [1.         0.         0.         0.         0.         0.
  0.         1.         1.         1.         1.         1.
  0.6795057 ]
 [0.         0.         0.         1.         1.         1.
  1.         0.         1.         0.         1.         1.
  0.72662737]
 [0.         0.         1.         1.         1.         0.
  0.         0.         0.         1.         1.         0.
  0.01660793]
 [0.         0.         0.         0.         1.         1.
  0.         0.         1.         0.         0.         1.
  0.60414988]]

Exercitiul 10:
Populatia initiala, cu 10 indivizi

 [[    0     0     0     0     1     1     0     0     0   256]
 [    1     1     0     1     0     1     1     1     0 94864]
 [    1     1     0     0     1     1     1     0     1 77284]
 [    1     1     0     0     1     1     1     0     1 77284]
 [    1     1     0     1     0     0     0     1     0 99856]
 [    0     0     1     1     1     1     0     0     0  6400]
 [    0     0     0     0     1     1     0     0     0   256]
 [    0     0     0     0     0     1     0     1     1   169]
 [    0     1     0     1     1     0     0     0     1 49284]
 [    0     1     1     1     1     0     0     1     0 26569]]


Populatia progeniturilor, cu 10 indivizi

 [[     0      1      1      0      1      0      0      1      1  24649]
 [     1      1      0      0      0      1      0      1      1  72361]
 [     1      1      0      0      1      1      0      0      0  73984]
 [     0      1      1      1      1      0      0      1      0  26569]
 [     0      1      0      1      1      0      1      0      0  46656]
 [     0      0      0      0      1      0      0      0      0    961]
 [     0      1      0      1      0      1      0      0      1  42436]
 [     1      1      1      1      1      1      1      0      0 117649]
 [     0      1      0      1      0      1      0      0      1  42436]
 [     0      0      1      0      1      1      1      1      1  11236]]


Populatia rezultat, tot cu 10 indivizi, unde primii 2 cei mai slabi cromozomi au fost schimbati cu cromozomii 2 si 6 din pop2.

 [[    1     1     0     0     1     1     0     0     0 73984]
 [    0     1     0     1     0     1     0     0     1 42436]
 [    0     0     0     0     1     1     0     0     0   256]
 [    0     0     1     1     1     1     0     0     0  6400]
 [    0     1     1     1     1     0     0     1     0 26569]
 [    0     1     0     1     1     0     0     0     1 49284]
 [    1     1     0     0     1     1     1     0     1 77284]
 [    1     1     0     0     1     1     1     0     1 77284]
 [    1     1     0     1     0     1     1     1     0 94864]
 [    1     1     0     1     0     0     0     1     0 99856]]

Exercitiul 11:
Populatia initiala, cu 10 indivizi:
 [[   1    1    0    0    0    1    0    0    0  -67]
 [   0    0    1    0    1    1    1    1    0  -82]
 [   1    0    0    0    1    1    0    0    1  264]
 [   0    1    1    0    0    0    0    1    1 -175]
 [   0    1    1    1    0    1    1    0    0 -169]
 [   0    0    0    1    1    1    1    1    0    5]
 [   0    0    0    1    0    1    0    0    1  -38]
 [   1    1    1    0    0    0    0    0    1 -394]
 [   1    1    1    0    1    0    1    0    0 -458]
 [   1    1    1    1    0    0    0    1    1   19]]
Populatia parintilor, cu 10 indivizi si 3 participanti la turnir

 [[  1   0   0   0   1   1   0   0   1 264]
 [  1   1   0   0   0   1   0   0   0 -67]
 [  1   0   0   0   1   1   0   0   1 264]
 [  0   0   0   1   0   1   0   0   1 -38]
 [  1   0   0   0   1   1   0   0   1 264]
 [  1   1   0   0   0   1   0   0   0 -67]
 [  1   1   1   1   0   0   0   1   1  19]
 [  0   0   0   1   1   1   1   1   0   5]
 [  0   0   0   1   0   1   0   0   1 -38]
 [  1   0   0   0   1   1   0   0   1 264]]

Process finished with exit code 0
